1 0.26953125 0.57578125 0.078125 0.1109375
1 0.6265625 0.6359375 0.0640625 0.0625
0 0.590625 0.16171875 0.07109375 0.15078125
0 0.92109375 0.30859375 0.02890625 0.0453125
0 0.96640625 0.35703125 0.01875 0.03828125
0 0.50234375 0.33828125 0.03828125 0.0578125
0 0.7609375 0.36875 0.0453125 0.071875
0 0.5 0.41328125 0.0421875 0.0484375
0 0.23125 0.1984375 0.0328125 0.040625
0 0.1515625 0.21171875 0.02421875 0.0390625
0 0.22890625 0.2484375 0.028125 0.03125
0 0.69921875 0.08125 0.03125 0.06796875
0 0.90078125 0.90234375 0.04375 0.06171875
